{
  "stations": [
    "復興",
    "小港",
    "前鎮",
    "前金",
    "左營",
    "楠梓",
    "林園",
    "大寮",
    "鳳山",
    "仁武",
    "橋頭",
    "美濃"
  ],
  "matrix": [
    [
      1.0,
      0.8545,
      0.9151,
      0.8596,
      0.8321,
      0.7871,
      0.7039,
      0.734,
      0.8371,
      0.827,
      0.7658,
      0.3539
    ],
    [
      0.8545,
      1.0,
      0.843,
      0.7994,
      0.7722,
      0.7523,
      0.7427,
      0.736,
      0.8077,
      0.7805,
      0.7363,
      0.3799
    ],
    [
      0.9151,
      0.843,
      1.0,
      0.8536,
      0.8321,
      0.7821,
      0.695,
      0.7292,
      0.839,
      0.8221,
      0.7635,
      0.3518
    ],
    [
      0.8596,
      0.7994,
      0.8536,
      1.0,
      0.8777,
      0.813,
      0.6756,
      0.6877,
      0.8224,
      0.8413,
      0.8056,
      0.3498
    ],
    [
      0.8321,
      0.7722,
      0.8321,
      0.8777,
      1.0,
      0.8311,
      0.6644,
      0.6747,
      0.7853,
      0.8501,
      0.8361,
      0.3255
    ],
    [
      0.7871,
      0.7523,
      0.7821,
      0.813,
      0.8311,
      1.0,
      0.6327,
      0.6881,
      0.8026,
      0.8768,
      0.8765,
      0.3815
    ],
    [
      0.7039,
      0.7427,
      0.695,
      0.6756,
      0.6644,
      0.6327,
      1.0,
      0.7061,
      0.7055,
      0.6587,
      0.6187,
      0.3627
    ],
    [
      0.734,
      0.736,
      0.7292,
      0.6877,
      0.6747,
      0.6881,
      0.7061,
      1.0,
      0.7628,
      0.7007,
      0.6562,
      0.4361
    ],
    [
      0.8371,
      0.8077,
      0.839,
      0.8224,
      0.7853,
      0.8026,
      0.7055,
      0.7628,
      1.0,
      0.835,
      0.7638,
      0.4029
    ],
    [
      0.827,
      0.7805,
      0.8221,
      0.8413,
      0.8501,
      0.8768,
      0.6587,
      0.7007,
      0.835,
      1.0,
      0.8498,
      0.3671
    ],
    [
      0.7658,
      0.7363,
      0.7635,
      0.8056,
      0.8361,
      0.8765,
      0.6187,
      0.6562,
      0.7638,
      0.8498,
      1.0,
      0.3667
    ],
    [
      0.3539,
      0.3799,
      0.3518,
      0.3498,
      0.3255,
      0.3815,
      0.3627,
      0.4361,
      0.4029,
      0.3671,
      0.3667,
      1.0
    ]
  ]
}